21 117180
16 96620
4 17320
19 83940
13 56700
7 31500
13 50320
13 69710
15 66380
14 63040
15 71000
15 67510
17 63830
12 58810
17 75620
15 63350
5 20560
7 26860
12 51000
13 67970
19 74560
21 85370
9 41990
16 56770
16 62030
21 91130
17 85950
21 87420
17 89670
18 82520
9 39350
21 99620
18 88360
16 68240
17 74700
8 40470
19 81290
21 91500
10 52520
18 80050
20 75690
11 58570
8 37480
18 75530
9 37130
9 45450
14 72700
17 67340
20 82020
13 54720
18 82130
12 58050
15 73040
12 59240
15 82650
15 68660
9 39490
11 44530
7 33670
13 52430
21 89730
17 82900
14 75180
16 81240
7 44800
17 80040
15 69200
17 72520
14 62410
17 77050
11 60750
17 77460
9 50810
15 70620
17 85750
9 38250
13 60650
5 18420
16 64250
21 86930
15 67310
19 71900

