22 124980
20 134590
9 67770
22 145170
7 38320
9 73660
16 93900
14 103660
23 141110
6 40180
22 147790
17 116370
18 114210
22 142250
21 125740
16 92330
21 116640
23 148000
19 118180
23 134560
21 135380
7 41370
13 93060
20 126110
13 87910
14 92610
21 117510
17 120920
21 138490
21 129090
17 125810
22 131870
22 148490
21 114570
17 115500
21 132430
22 128890
20 127320
21 137420
23 140840
21 143430
22 144410
21 139420
19 110480
21 149090
21 143620
14 109720
16 97820
18 116820
22 143890
21 128820
19 129040
21 147600
15 97580
21 134600
15 107160
15 113420
20 122980
11 70530
23 140570
20 130920
16 119010
21 146540
21 148920
14 86800
23 144380
21 132350
21 127940
21 138420
19 115680
11 81920
18 128200
20 127800
21 119270
17 110970
13 80920
15 93590
22 130590
23 150340
22 125080
21 137120
18 116870
21 149050
22 141370
23 147740
20 129090
22 141290
7 51760
24 142730
21 131890
11 82480
19 123440
12 90780
21 134850
9 55780
21 125470
22 137460
16 107790
15 108870
21 126170
