7 35730
12 78380
6 38690
8 56210
13 78350
11 81540
16 94480
14 91770
15 89840
3 19320
6 36880
10 77230
8 58580
10 70940
3 15950
6 38970
14 95400
6 40280
9 61100
9 69740
9 60800
7 53490
7 52180
8 57770
6 39230
8 55600
18 114840
17 104750
11 81980
9 57770
9 57420
15 101730
15 112000
9 59020
17 102100
6 38080
7 39970
14 95920
3 17060
12 86590
14 93960
9 62480
8 59450
15 101240
6 38540
10 73920
16 103050
16 99060
11 84210
8 62340
9 56460
8 53660
8 57640
1 6780
12 78060
9 60420
9 61860
11 78270
7 43600
12 76600
12 88790
7 56440
7 48850
14 99360
15 100130
12 84430
4 24850
9 60330
9 63570
14 93030
12 79370
14 85260
8 50650
16 105750
5 23390
9 64470
14 82490
5 32920
17 110110
14 92940
9 61720
9 63510
17 109870
16 104610
9 54420
17 111170
9 70980
9 62160
8 55690
8 52580
17 103620
8 58540
8 53340
9 67730
6 43570
8 48240
12 77890
11 75640
10 67820
7 42940
